SM:2025-07-18T13:04:02.4333157Z
LM:2025-07-18T13:04:37.3870047Z
CT:image/png
MA:2592000
CL:1177947
