SM:2025-07-14T11:23:37.2405602Z
LM:2025-07-14T11:23:38.8099810Z
CT:image/jpeg
MA:2592000
CL:412650
