SM:2025-07-17T06:06:35.7518043Z
LM:2025-07-17T06:06:35.7741835Z
CT:image/jpeg
MA:2592000
CL:7324
