SM:2025-07-14T13:17:45.9511221Z
LM:2025-07-15T07:20:41.2984737Z
CT:image/jpeg
MA:2592000
CL:40636
