SM:2025-07-17T05:53:31.4712069Z
LM:2025-07-17T05:53:31.6855767Z
CT:image/jpeg
MA:2592000
CL:7275
