SM:2025-07-14T11:23:37.2306674Z
LM:2025-07-14T11:23:51.6944049Z
CT:image/jpeg
MA:2592000
CL:900946
