SM:2025-07-17T07:22:44.5228553Z
LM:2025-07-17T07:22:44.6941614Z
CT:image/jpeg
MA:2592000
CL:2656
