SM:2025-07-18T10:06:34.1508163Z
LM:2025-07-18T10:06:34.1874418Z
CT:image/jpeg
MA:2592000
CL:7324
