SM:2025-07-18T13:03:57.8742183Z
LM:2025-07-18T13:03:57.9061770Z
CT:image/jpeg
MA:2592000
CL:13204
