SM:2025-07-18T13:04:02.4333157Z
LM:2025-07-18T13:04:02.5620973Z
CT:image/png
MA:2592000
CL:104233
