SM:2025-07-18T13:03:53.1100031Z
LM:2025-07-18T13:04:37.2586199Z
CT:image/jpeg
MA:2592000
CL:140741
