SM:2025-07-14T13:17:45.8968853Z
LM:2025-07-15T07:20:41.2984757Z
CT:image/jpeg
MA:2592000
CL:19609
