SM:2025-07-18T10:06:34.1508163Z
LM:2025-07-18T10:08:19.3408721Z
CT:image/jpeg
MA:2592000
CL:10733
