SM:2025-07-14T13:17:45.8968853Z
LM:2025-07-14T13:17:46.9497221Z
CT:image/jpeg
MA:2592000
CL:412650
