SM:2025-07-17T07:54:47.9945854Z
LM:2025-07-17T07:54:48.1971560Z
CT:image/jpeg
MA:2592000
CL:9216
