SM:2025-07-18T13:04:25.4690639Z
LM:2025-07-18T13:04:25.6230846Z
CT:image/jpeg
MA:2592000
CL:14412
