SM:2025-07-18T10:05:45.5987296Z
LM:2025-07-18T10:08:23.3397015Z
CT:image/jpeg
MA:2592000
CL:73424
